[filter.jpg]
filters=finetune2=1,0.000000,0.000000,0.067368,00000000,0.000000;autolight=1;
moddate=369d643732e9d801
width=640
height=380
textactive=0
